
1
46

1
13

1
56

1
78

6
40
21
76
22
99
66
0
87
64
11
81
33
0
0
4
42
28
76
0
0
0
70
5
3
0
0
0
0
94
17
0
0
0
0
0
66

4
8
22
27
58
0
74
84
88
0
0
86
88
0
0
0
37

6
46
81
75
54
55
74
12
38
71
41
54
18
96
91
19
50
43
2
51
36
84
82
57
43
5
25
55
80
17
77
95
4
38
78
29
50

1
46

5
38
8
91
94
98
0
74
54
88
86
0
0
89
51
77
0
0
0
54
69
0
0
0
0
1

3
98
88
83
0
44
19
0
0
6

5
82
5
94
9
84
0
27
41
39
1
0
0
53
78
65
0
0
0
82
72
0
0
0
0
47

4
61
11
44
22
4
88
93
20
7
92
18
65
69
53
88
80

2
44
9
9
75

5
59
10
4
85
27
0
37
11
72
94
0
0
40
11
1
0
0
0
53
36
0
0
0
0
54

1
58

5
78
42
58
66
47
0
97
3
34
21
0
0
1
85
15
0
0
0
92
16
0
0
0
0
18

1
55

6
53
96
62
69
39
30
0
7
70
44
96
82
0
0
68
67
47
52
0
0
0
21
98
46
0
0
0
0
75
80
0
0
0
0
0
56

4
50
6
15
16
0
66
54
91
0
0
12
98
0
0
0
27

3
95
18
45
0
14
72
0
0
65

1
9

4
75
78
32
33
0
88
93
49
0
0
53
65
0
0
0
14

3
2
65
99
0
94
80
0
0
76

6
73
51
68
73
99
62
0
16
80
80
80
19
0
0
14
59
20
52
0
0
0
17
34
76
0
0
0
0
67
57
0
0
0
0
0
31

1
19

3
24
5
18
0
63
35
0
0
39

3
20
18
58
0
20
84
0
0
49

3
55
96
68
78
7
40
51
85
51

3
68
73
6
0
1
72
0
0
44

2
19
73
0
28